salinity,temperature,pressure
35.030998,22.839001,4.16
35.030998,22.841999,5.86
35.030998,22.841999,7.86
35.030998,22.843,9.86
35.030998,22.836,11.86
35.032001,22.802,13.86
35.030998,22.778,15.86
35.030998,22.757,17.860001
35.030998,22.739,19.860001
35.030998,22.714001,21.860001
35.030998,22.698,23.860001
35.029999,22.667999,25.860001
35.028999,22.625999,27.860001
35.028,22.591,29.860001
35.025002,22.559,31.860001
35.009998,22.537001,33.860001
35.007999,22.5,35.860001
35.014999,22.471001,37.860001
35.011002,22.447001,39.860001
35.009998,22.440001,41.860001
35.011002,22.431999,43.860001
35.02,22.427,45.860001
35.037998,22.436001,47.860001
35.097,22.330999,49.860001
35.169998,21.292999,51.560001
35.220001,19.944,53.760002
35.229,19.15,55.760002
35.171001,17.871,57.760002
35.137001,15.992,59.860001
35.089001,15.374,61.860001
35.077999,15.194,63.860001
35.07,15.027,65.860001
35.056999,14.852,67.860001
35.053001,14.731,69.860001
35.035999,14.38,71.860001
35.027,14.33,73.860001
35.022999,14.27,75.860001
35.014999,14.166,77.860001
35.005001,14.072,79.860001
35.0,13.907,81.860001
34.984001,13.643,83.860001
34.973,13.526,85.860001
34.966,13.464,87.860001
34.959,13.406,89.860001
34.959,13.379,91.860001
34.956001,13.36,93.860001
34.952999,13.343,95.860001
34.952,13.337,97.860001
34.952,13.331,99.860001
34.952,13.327,101.860001
34.952999,13.323,103.860001
34.952,13.318,105.860001
34.951,13.299,107.860001
34.949001,13.276,109.860001
34.948002,13.263,111.860001
34.946999,13.247,113.860001
34.945,13.217,115.860001
34.945,13.198,117.860001
34.945,13.181,119.860001
34.944,13.164,121.860001
34.943001,13.147,123.860001
34.942001,13.141,125.860001
34.942001,13.138,127.860001
34.941002,13.132,129.860001
34.939999,13.125,131.860001
34.939999,13.106,133.860001
34.938999,13.087,135.860001
34.937,13.07,137.860001
34.936001,13.052,139.860001
34.933998,13.009,141.860001
34.931,12.981,143.860001
34.93,12.97,145.860001
34.929001,12.954,147.860001
34.929001,12.95,149.860001
34.928001,12.934,151.860001
34.925999,12.906,153.860001
34.924999,12.891,155.860001
34.923,12.863,157.860001
34.921001,12.848,159.860001
34.919998,12.841,161.860001
34.918999,12.822,163.860001
34.917,12.805,165.860001
34.917,12.798,167.860001
34.916,12.788,169.860001
34.915001,12.781,171.860001
34.915001,12.778,173.860001
34.914001,12.773,175.860001
34.912998,12.751,177.860001
34.910999,12.736,179.860001
34.91,12.734,181.860001
34.91,12.723,183.860001
34.908001,12.697,185.860001
34.905998,12.679,187.860001
34.904999,12.649,189.860001
34.903999,12.635,191.860001
34.902,12.602,193.860001
34.898998,12.562,195.860001
34.896999,12.523,197.860001
34.895,12.495,199.860001
34.893002,12.479,201.860001
34.891998,12.465,203.860001
34.889999,12.439,205.860001
34.888,12.413,207.860001
34.887001,12.398,209.860001
34.886002,12.393,211.860001
34.886002,12.388,213.860001
34.884998,12.373,215.860001
34.884998,12.364,217.860001
34.883999,12.36,219.860001
34.883999,12.358,221.860001
34.883999,12.357,223.860001
34.882999,12.354,225.860001
34.882999,12.347,227.860001
34.882,12.333,229.860001
34.881001,12.321,231.860001
34.880001,12.313,233.860001
34.879002,12.305,235.860001
34.879002,12.301,237.860001
34.879002,12.298,239.860001
34.877998,12.291,241.860001
34.876999,12.286,243.860001
34.876999,12.272,245.860001
34.875,12.261,247.860001
34.874001,12.245,249.860001
34.873001,12.227,251.860001
34.872002,12.22,253.860001
34.870998,12.213,255.860001
34.870998,12.201,257.859985
34.868999,12.183,259.859985
34.867001,12.15,261.859985
34.865002,12.129,263.859985
34.863998,12.117,265.859985
34.862999,12.1,267.859985
34.862999,12.089,269.859985
34.862,12.084,271.859985
34.862,12.081,273.859985
34.862,12.076,275.859985
34.861,12.058,277.859985
34.860001,12.05,279.859985
34.859001,12.04,281.859985
34.858002,12.009,283.859985
34.855999,11.964,285.859985
34.855,11.952,287.859985
34.855,11.932,289.859985
34.854,11.927,291.859985
34.854,11.924,293.859985
34.854,11.918,295.859985
34.852001,11.905,297.859985
34.852001,11.905,299.859985
34.852001,11.904,301.859985
34.852001,11.902,303.859985
34.851002,11.897,305.859985
34.849998,11.886,307.859985
34.848999,11.867,309.859985
34.848,11.846,311.859985
34.847,11.829,313.859985
34.846001,11.809,315.859985
34.845001,11.768,317.859985
34.841999,11.748,319.859985
34.841999,11.707,321.859985
34.84,11.671,323.859985
34.839001,11.666,325.859985
34.838001,11.658,327.859985
34.837002,11.651,329.859985
34.835999,11.633,331.859985
34.832001,11.565,333.859985
34.827999,11.504,335.859985
34.825001,11.421,337.859985
34.820999,11.372,339.859985
34.818001,11.351,341.859985
34.816002,11.328,343.859985
34.811001,11.263,345.859985
34.806999,11.016,347.959991
34.787998,10.818,349.859985
34.785999,10.772,351.859985
34.784,10.753,353.859985
34.782001,10.73,355.859985
34.779999,10.683,357.859985
34.776001,10.566,359.859985
34.769001,10.452,361.859985
34.764,10.355,363.859985
34.759998,10.297,365.859985
34.757999,10.278,367.859985
34.757999,10.271,369.859985
34.757,10.261,371.859985
34.756001,10.245,373.859985
34.754002,10.217,375.859985
34.752998,10.205,377.859985
34.751999,10.179,379.859985
34.75,10.15,381.859985
34.749001,10.142,383.859985
34.749001,10.134,385.859985
34.748001,10.132,387.859985
34.745998,10.1,389.859985
34.742001,10.04,391.859985
34.737999,9.965,393.859985
34.730999,9.824,395.859985
34.720001,9.658,397.859985
34.716999,9.626,399.859985
34.716,9.617,401.859985
34.715,9.604,403.859985
34.713001,9.582,405.859985
34.712002,9.543,407.859985
34.707001,9.484,409.859985
34.703999,9.433,411.859985
34.701,9.39,413.859985
34.696999,9.337,415.859985
34.693001,9.274,417.859985
34.688999,9.21,419.859985
34.687,9.187,421.859985
34.683998,9.144,423.859985
34.681999,9.104,425.859985
34.68,9.087,427.859985
34.68,9.076,429.859985
34.679001,9.063,431.859985
34.678001,9.042,433.859985
34.675999,9.01,435.859985
34.674999,8.988,437.859985
34.674,8.971,439.859985
34.673,8.955,441.859985
34.671001,8.931,443.859985
34.668999,8.884,445.859985
34.667999,8.859,447.859985
34.667,8.833,449.859985
34.666,8.825,451.859985
34.666,8.824,453.859985
34.666,8.824,455.859985
34.666,8.824,457.859985
34.666,8.823,459.859985
34.665001,8.821,461.859985
34.665001,8.817,463.859985
34.665001,8.817,465.859985
34.665001,8.816,467.859985
34.665001,8.817,469.859985
34.664001,8.814,471.859985
34.664001,8.807,473.859985
34.661999,8.765,475.859985
34.66,8.74,477.859985
34.658001,8.704,479.859985
34.657001,8.665,481.859985
34.654999,8.644,483.859985
34.653999,8.636,485.859985
34.653,8.588,487.859985
34.650002,8.531,489.859985
34.647999,8.514,491.859985
34.647999,8.504,493.859985
34.646999,8.495,495.859985
34.646,8.468,497.859985
34.645,8.437,499.859985
34.643002,8.405,501.859985
34.641998,8.383,503.859985
34.640999,8.371,505.859985
34.639999,8.36,507.859985
34.639999,8.336,509.859985
34.639,8.338,511.859985
34.639,8.335,513.859985
34.639,8.327,515.859985
34.638,8.319,517.859985
34.638,8.327,519.859985
34.639,8.325,521.859985
34.637001,8.309,523.859985
34.638,8.305,525.859985
34.634998,8.268,527.859985
34.634998,8.265,529.859985
34.633999,8.252,531.859985
34.633999,8.237,533.859985
34.632999,8.217,535.859985
34.632,8.201,537.859985
34.631001,8.187,539.859985
34.631001,8.178,541.859985
34.630001,8.171,543.859985
34.630001,8.162,545.859985
34.629002,8.151,547.859985
34.627998,8.125,549.859985
34.626999,8.11,551.859985
34.626999,8.091,553.859985
34.625,8.056,555.859985
34.623001,8.021,557.859985
34.620998,7.983,559.859985
34.618999,7.941,561.859985
34.618,7.913,563.859985
34.618,7.904,565.859985
34.617001,7.904,567.859985
34.618,7.903,569.859985
34.618,7.903,571.859985
34.618,7.903,573.859985
34.618,7.9,575.859985
34.618,7.886,577.859985
34.617001,7.884,579.859985
34.616001,7.882,581.859985
34.616001,7.858,583.859985
34.612999,7.824,585.859985
34.612,7.807,587.859985
34.612,7.801,589.859985
34.612,7.754,591.859985
34.606998,7.709,593.859985
34.606998,7.699,595.859985
34.605999,7.691,597.859985
34.605999,7.685,599.859985
34.604,7.639,601.859985
34.601002,7.567,603.859985
34.598999,7.552,605.859985
34.598,7.545,607.859985
34.596001,7.451,609.859985
34.591999,7.42,611.859985
34.591,7.415,613.859985
34.59,7.378,615.859985
34.588001,7.33,617.859985
34.587002,7.296,619.859985
34.584999,7.262,621.859985
34.583,7.235,623.859985
34.582001,7.213,625.859985
34.581001,7.189,627.859985
34.578999,7.149,629.859985
34.577999,7.127,631.859985
34.577,7.117,633.859985
34.576,7.097,635.859985
34.575001,7.065,637.859985
34.575001,7.049,639.859985
34.574001,7.038,641.859985
34.574001,7.029,643.859985
34.574001,7.018,645.859985
34.573002,7.012,647.859985
34.573002,7.007,649.859985
34.573002,6.999,651.859985
34.571999,6.995,653.859985
34.573002,6.976,655.859985
34.571999,6.969,657.859985
34.571999,6.969,659.859985
34.571999,6.967,661.859985
34.571999,6.964,663.859985
34.571999,6.956,665.859985
34.571999,6.946,667.859985
34.570999,6.933,669.859985
34.570999,6.911,671.859985
34.57,6.895,673.859985
34.57,6.891,675.859985
34.569,6.89,677.859985
34.57,6.889,679.859985
34.57,6.888,681.859985
34.57,6.887,683.859985
34.57,6.882,685.859985
34.569,6.867,687.859985
34.569,6.849,689.859985
34.57,6.816,691.859985
34.569,6.795,693.859985
34.568001,6.782,695.859985
34.568001,6.767,697.859985
34.567001,6.743,699.859985
34.566002,6.711,701.859985
34.566002,6.682,703.859985
34.567001,6.678,705.859985
34.567001,6.671,707.859985
34.567001,6.65,709.859985
34.566002,6.635,711.859985
34.566002,6.622,713.859985
34.564999,6.601,715.859985
34.564999,6.569,717.859985
34.563999,6.542,719.859985
34.563999,6.502,721.859985
34.563,6.482,723.859985
34.562,6.456,725.859985
34.561001,6.422,727.859985
34.561001,6.399,729.859985
34.560001,6.38,731.859985
34.560001,6.368,733.859985
34.558998,6.354,735.859985
34.560001,6.311,737.859985
34.560001,6.263,739.859985
34.558998,6.236,741.859985
34.558998,6.215,743.859985
34.558998,6.194,745.859985
34.558998,6.162,747.859985
34.560001,6.12,749.859985
34.558998,6.083,751.859985
34.561001,6.062,753.859985
34.561001,6.029,755.859985
34.562,5.999,757.859985
34.562,5.979,759.859985
34.561001,5.948,761.859985
34.558998,5.904,763.859985
34.556,5.845,765.859985
34.554001,5.777,767.859985
34.554001,5.762,769.859985
34.554001,5.756,771.859985
34.553001,5.755,773.859985
34.553001,5.751,775.859985
34.554001,5.735,777.859985
34.554001,5.731,779.859985
34.554001,5.722,781.859985
34.555,5.709,783.859985
34.556999,5.707,785.859985
34.558998,5.706,787.859985
34.561001,5.707,789.859985
34.561001,5.703,791.859985
34.560001,5.7,793.859985
34.560001,5.693,795.859985
34.560001,5.686,797.859985
34.558998,5.677,799.859985
34.558998,5.663,801.859985
34.557999,5.644,803.859985
34.557999,5.621,805.859985
34.556999,5.606,807.859985
34.556999,5.601,809.859985
34.556999,5.599,811.859985
34.556,5.598,813.859985
34.556,5.595,815.859985
34.556,5.579,817.859985
34.556,5.556,819.859985
34.555,5.536,821.859985
34.555,5.535,823.859985
34.555,5.535,825.859985
34.555,5.533,827.859985
34.555,5.532,829.859985
34.556,5.528,831.859985
34.555,5.527,833.859985
34.555,5.526,835.859985
34.556,5.518,837.859985
34.555,5.513,839.859985
34.555,5.504,841.859985
34.555,5.493,843.859985
34.555,5.488,845.859985
34.555,5.481,847.859985
34.555,5.463,849.859985
34.555,5.455,851.859985
34.555,5.439,853.859985
34.555,5.433,855.859985
34.555,5.425,857.859985
34.555,5.419,859.859985
34.555,5.416,861.859985
34.555,5.403,863.859985
34.554001,5.384,865.859985
34.554001,5.371,867.859985
34.553001,5.364,869.859985
34.553001,5.357,871.859985
34.553001,5.349,873.859985
34.554001,5.341,875.859985
34.553001,5.337,877.859985
34.553001,5.336,879.859985
34.553001,5.333,881.859985
34.554001,5.327,883.859985
34.553001,5.314,885.859985
34.553001,5.31,887.859985
34.553001,5.302,889.859985
34.553001,5.298,891.859985
34.553001,5.289,893.859985
34.554001,5.267,895.859985
34.554001,5.251,897.859985
34.554001,5.236,899.859985
34.554001,5.228,901.859985
34.554001,5.211,903.859985
34.554001,5.194,905.859985
34.554001,5.189,907.859985
34.554001,5.184,909.859985
34.554001,5.18,911.859985
34.554001,5.169,913.859985
34.554001,5.155,915.859985
34.554001,5.145,917.859985
34.554001,5.138,919.859985
34.554001,5.128,921.859985
34.554001,5.113,923.859985
34.555,5.089,925.859985
34.556,5.073,927.859985
34.556,5.067,929.859985
34.556999,5.062,931.859985
34.557999,5.045,933.859985
34.557999,5.028,935.859985
34.557999,5.002,937.859985
34.557999,4.992,939.859985
34.558998,4.988,941.859985
34.558998,4.982,943.859985
34.558998,4.966,945.859985
34.558998,4.946,947.859985
34.558998,4.938,949.859985
34.558998,4.934,951.859985
34.558998,4.933,953.859985
34.558998,4.929,955.859985
34.558998,4.92,957.859985
34.558998,4.917,959.859985
34.558998,4.915,961.859985
34.560001,4.907,963.859985
34.560001,4.905,965.859985
34.561001,4.901,967.859985
34.561001,4.896,969.859985
34.561001,4.894,971.859985
34.561001,4.89,973.859985
34.561001,4.887,975.859985
34.561001,4.885,977.859985
34.561001,4.88,979.859985
34.561001,4.873,981.859985
34.561001,4.865,983.859985
34.561001,4.852,985.859985
34.561001,4.842,987.859985
34.561001,4.834,989.859985
34.562,4.818,991.859985
34.562,4.809,993.859985
34.562,4.789,995.859985
34.561001,4.774,997.859985
34.561001,4.769,999.859985
34.561001,4.769,1001.859985
34.561001,4.766,1003.859985
34.561001,4.764,1005.859985
34.561001,4.748,1007.859985
34.561001,4.74,1009.859985
34.561001,4.729,1011.859985
34.560001,4.714,1013.859985
34.558998,4.701,1015.859985
34.557999,4.693,1017.859985
34.557999,4.689,1019.859985
34.557999,4.687,1021.859985
34.557999,4.687,1023.859985
34.557999,4.672,1025.859985
34.557999,4.662,1027.859985
34.558998,4.652,1029.859985
34.558998,4.642,1031.859985
34.558998,4.634,1033.859985
34.557999,4.617,1035.859985
34.557999,4.606,1037.859985
34.558998,4.599,1039.859985
34.558998,4.586,1041.859985
34.558998,4.58,1043.859985
34.558998,4.572,1045.859985
34.560001,4.562,1047.859985
34.561001,4.552,1049.859985
34.562,4.544,1051.859985
34.561001,4.535,1053.859985
34.561001,4.526,1055.859985
34.560001,4.518,1057.859985
34.561001,4.51,1059.859985
34.561001,4.499,1061.859985
34.561001,4.484,1063.859985
34.561001,4.473,1065.859985
34.562,4.458,1067.859985
34.562,4.447,1069.859985
34.562,4.441,1071.859985
34.562,4.438,1073.859985
34.562,4.433,1075.859985
34.561001,4.428,1077.859985
34.562,4.42,1079.859985
34.562,4.413,1081.859985
34.563,4.392,1083.859985
34.563,4.381,1085.859985
34.563,4.378,1087.859985
34.563,4.376,1089.859985
34.563,4.371,1091.859985
34.563,4.368,1093.859985
34.563,4.352,1095.859985
34.563,4.343,1097.859985
34.563,4.342,1099.859985
34.563999,4.337,1101.859985
34.563999,4.329,1103.859985
34.563999,4.322,1105.859985
34.563999,4.314,1107.859985
34.564999,4.302,1109.859985
34.564999,4.286,1111.859985
34.564999,4.281,1113.859985
34.564999,4.28,1115.859985
34.564999,4.28,1117.859985
34.564999,4.28,1119.859985
34.564999,4.266,1121.859985
34.566002,4.242,1123.859985
34.566002,4.231,1125.859985
34.567001,4.218,1127.859985
34.566002,4.211,1129.859985
34.566002,4.201,1131.859985
34.566002,4.192,1133.859985
34.566002,4.18,1135.859985
34.566002,4.175,1137.859985
34.566002,4.173,1139.859985
34.566002,4.17,1141.859985
34.566002,4.167,1143.859985
34.567001,4.165,1145.859985
34.567001,4.162,1147.859985
34.567001,4.156,1149.859985
34.568001,4.148,1151.859985
34.568001,4.147,1153.859985
34.568001,4.144,1155.859985
34.568001,4.141,1157.859985
34.568001,4.132,1159.859985
34.568001,4.119,1161.859985
34.568001,4.111,1163.859985
34.568001,4.108,1165.859985
34.568001,4.099,1167.859985
34.568001,4.079,1169.859985
34.568001,4.067,1171.859985
34.568001,4.061,1173.859985
34.569,4.047,1175.859985
34.569,4.039,1177.859985
34.569,4.037,1179.859985
34.569,4.032,1181.859985
34.569,4.026,1183.859985
34.569,4.02,1185.859985
34.569,4.017,1187.859985
34.57,4.011,1189.859985
34.570999,3.991,1191.859985
34.570999,3.979,1193.859985
34.570999,3.969,1195.859985
34.570999,3.967,1197.859985
34.571999,3.962,1199.859985
34.571999,3.955,1201.859985
34.571999,3.948,1203.859985
34.571999,3.94,1205.859985
34.571999,3.931,1207.859985
34.573002,3.915,1209.859985
34.573002,3.908,1211.859985
34.573002,3.903,1213.859985
34.573002,3.895,1215.859985
34.573002,3.889,1217.859985
34.573002,3.88,1219.859985
34.574001,3.876,1221.859985
34.575001,3.864,1223.859985
34.575001,3.852,1225.859985
34.576,3.844,1227.859985
34.576,3.831,1229.859985
34.576,3.828,1231.859985
34.576,3.827,1233.859985
34.576,3.824,1235.859985
34.577,3.818,1237.859985
34.577,3.81,1239.859985
34.577,3.809,1241.859985
34.577,3.806,1243.859985
34.577,3.802,1245.859985
34.577,3.796,1247.859985
34.577,3.79,1249.859985
34.577999,3.783,1251.859985
34.577999,3.78,1253.859985
34.577999,3.777,1255.859985
34.578999,3.774,1257.859985
34.578999,3.773,1259.859985
34.578999,3.771,1261.859985
34.578999,3.768,1263.859985
34.578999,3.767,1265.859985
34.578999,3.765,1267.859985
34.578999,3.76,1269.859985
34.578999,3.755,1271.859985
34.580002,3.75,1273.859985
34.580002,3.741,1275.859985
34.580002,3.732,1277.859985
34.580002,3.727,1279.859985
34.581001,3.721,1281.859985
34.581001,3.711,1283.859985
34.581001,3.705,1285.859985
34.581001,3.702,1287.859985
34.581001,3.697,1289.859985
34.582001,3.687,1291.859985
34.582001,3.684,1293.859985
34.582001,3.678,1295.859985
34.582001,3.673,1297.859985
34.582001,3.67,1299.859985
34.582001,3.665,1301.859985
34.583,3.658,1303.859985
34.583,3.656,1305.859985
34.583,3.654,1307.859985
34.583,3.65,1309.859985
34.583,3.639,1311.859985
34.583,3.63,1313.859985
34.582001,3.617,1315.859985
34.581001,3.603,1317.859985
34.580002,3.588,1319.859985
34.581001,3.577,1321.859985
34.582001,3.564,1323.859985
34.583,3.558,1325.859985
34.583,3.557,1327.859985
34.584,3.541,1329.859985
34.584,3.53,1331.859985
34.584,3.529,1333.859985
34.584,3.524,1335.859985
34.584,3.515,1337.859985
34.584,3.503,1339.859985
34.584,3.492,1341.859985
34.584,3.486,1343.859985
34.584999,3.469,1345.859985
34.585999,3.452,1347.859985
34.585999,3.441,1349.859985
34.585999,3.429,1351.859985
34.585999,3.425,1353.859985
34.587002,3.422,1355.859985
34.587002,3.419,1357.859985
34.587002,3.416,1359.859985
34.587002,3.412,1361.859985
34.588001,3.409,1363.859985
34.588001,3.409,1365.859985
34.588001,3.409,1367.859985
34.588001,3.406,1369.859985
34.589001,3.404,1371.859985
34.59,3.402,1373.859985
34.59,3.399,1375.859985
34.59,3.395,1377.859985
34.591,3.387,1379.859985
34.591999,3.379,1381.859985
34.591999,3.375,1383.859985
34.591999,3.373,1385.859985
34.591999,3.372,1387.859985
34.591999,3.371,1389.859985
34.591999,3.368,1391.859985
34.591999,3.366,1393.859985
34.591999,3.365,1395.859985
34.591999,3.364,1397.859985
34.591999,3.363,1399.859985
34.591999,3.361,1401.859985
34.591999,3.358,1403.859985
34.591999,3.353,1405.859985
34.591999,3.346,1407.859985
34.592999,3.339,1409.859985
34.592999,3.337,1411.859985
34.592999,3.335,1413.859985
34.592999,3.331,1415.859985
34.594002,3.321,1417.859985
34.594002,3.305,1419.859985
34.595001,3.293,1421.859985
34.595001,3.287,1423.859985
34.595001,3.285,1425.859985
34.596001,3.284,1427.859985
34.596001,3.282,1429.859985
34.596001,3.281,1431.859985
34.596001,3.28,1433.859985
34.596001,3.279,1435.859985
34.596001,3.278,1437.859985
34.596001,3.275,1439.859985
34.596001,3.271,1441.859985
34.596001,3.264,1443.859985
34.596001,3.257,1445.859985
34.597,3.247,1447.859985
34.597,3.233,1449.859985
34.598,3.224,1451.859985
34.598,3.219,1453.859985
34.598,3.216,1455.859985
34.598,3.211,1457.859985
34.598,3.207,1459.859985
34.598,3.204,1461.859985
34.598,3.202,1463.859985
34.598999,3.194,1465.859985
34.598999,3.188,1467.859985
34.599998,3.181,1469.859985
34.599998,3.173,1471.859985
34.599998,3.162,1473.859985
34.601002,3.15,1475.859985
34.601002,3.141,1477.859985
34.601002,3.136,1479.859985
34.601002,3.133,1481.859985
34.603001,3.119,1483.859985
34.603001,3.114,1485.859985
34.603001,3.112,1487.859985
34.603001,3.105,1489.859985
34.604,3.096,1491.859985
34.604,3.088,1493.859985
34.604,3.085,1495.859985
34.605,3.081,1497.859985
34.605,3.076,1499.859985
34.605,3.071,1501.859985
34.605999,3.068,1503.859985
34.605999,3.066,1505.859985
34.605999,3.064,1507.859985
34.605999,3.06,1509.859985
34.605999,3.055,1511.859985
34.606998,3.051,1513.859985
34.606998,3.045,1515.859985
34.606998,3.041,1517.859985
34.606998,3.031,1519.859985
34.606998,3.027,1521.859985
34.606998,3.023,1523.859985
34.606998,3.017,1525.859985
34.608002,3.01,1527.859985
34.608002,3.007,1529.859985
34.608002,3.002,1531.859985
34.609001,2.994,1533.859985
34.609001,2.987,1535.859985
34.609001,2.985,1537.859985
34.610001,2.981,1539.859985
34.610001,2.978,1541.859985
34.611,2.97,1543.859985
34.611,2.966,1545.859985
34.611,2.965,1547.859985
34.611,2.963,1549.859985
34.611,2.959,1551.859985
34.611,2.953,1553.859985
34.611,2.95,1555.859985
34.612,2.944,1557.859985
34.612,2.939,1559.859985
34.612,2.936,1561.859985
34.612,2.934,1563.859985
34.612,2.934,1565.859985
34.612,2.933,1567.859985
34.612,2.931,1569.859985
34.612999,2.923,1571.859985
34.612999,2.916,1573.859985
34.613998,2.912,1575.859985
34.613998,2.908,1577.859985
34.613998,2.905,1579.859985
34.613998,2.902,1581.859985
34.613998,2.898,1583.859985
34.613998,2.897,1585.859985
34.613998,2.893,1587.859985
34.613998,2.89,1589.859985
34.615002,2.888,1591.859985
34.615002,2.885,1593.859985
34.615002,2.884,1595.859985
34.615002,2.884,1597.859985
34.615002,2.883,1599.859985
34.615002,2.881,1601.859985
34.615002,2.875,1603.859985
34.615002,2.872,1605.859985
34.615002,2.868,1607.859985
34.615002,2.868,1609.859985
34.616001,2.863,1611.859985
34.616001,2.855,1613.859985
34.616001,2.853,1615.859985
34.616001,2.852,1617.859985
34.616001,2.852,1619.859985
34.616001,2.852,1621.859985
34.616001,2.852,1623.859985
34.616001,2.851,1625.859985
34.617001,2.847,1627.859985
34.617001,2.845,1629.859985
34.617001,2.842,1631.859985
34.617001,2.838,1633.859985
34.617001,2.835,1635.859985
34.617001,2.831,1637.859985
34.618,2.825,1639.859985
34.618,2.814,1641.859985
34.618999,2.813,1643.859985
34.618999,2.812,1645.859985
34.618999,2.811,1647.859985
34.618999,2.81,1649.859985
34.618999,2.809,1651.859985
34.618999,2.803,1653.859985
34.618999,2.801,1655.859985
34.618999,2.8,1657.859985
34.618999,2.798,1659.859985
34.618999,2.797,1661.859985
34.619999,2.794,1663.859985
34.619999,2.793,1665.859985
34.619999,2.791,1667.859985
34.619999,2.789,1669.859985
34.619999,2.784,1671.859985
34.620998,2.775,1673.859985
34.622002,2.772,1675.859985
34.620998,2.772,1677.859985
34.620998,2.772,1679.859985
34.622002,2.772,1681.859985
34.620998,2.771,1683.859985
34.620998,2.77,1685.859985
34.622002,2.768,1687.859985
34.622002,2.761,1689.859985
34.622002,2.757,1691.859985
34.622002,2.756,1693.859985
34.622002,2.756,1695.859985
34.622002,2.756,1697.859985
34.622002,2.755,1699.859985
34.622002,2.754,1701.859985
34.622002,2.753,1703.859985
34.622002,2.752,1705.859985
34.623001,2.748,1707.859985
34.623001,2.745,1709.859985
34.623001,2.742,1711.859985
34.623001,2.739,1713.859985
34.623001,2.736,1715.859985
34.624001,2.731,1717.859985
34.624001,2.728,1719.859985
34.624001,2.724,1721.859985
34.624001,2.72,1723.859985
34.624001,2.719,1725.859985
34.624001,2.717,1727.859985
34.624001,2.716,1729.859985
34.624001,2.714,1731.859985
34.625,2.711,1733.859985
34.625,2.707,1735.859985
34.625,2.698,1737.859985
34.625,2.692,1739.859985
34.625,2.69,1741.859985
34.625,2.689,1743.859985
34.625999,2.687,1745.859985
34.625999,2.685,1747.859985
34.625999,2.684,1749.859985
34.625999,2.682,1751.859985
34.625999,2.678,1753.859985
34.625999,2.673,1755.859985
34.625999,2.672,1757.859985
34.625999,2.67,1759.859985
34.626999,2.667,1761.859985
34.626999,2.666,1763.859985
34.626999,2.666,1765.859985
34.626999,2.664,1767.859985
34.626999,2.662,1769.859985
34.627998,2.657,1771.859985
34.627998,2.654,1773.859985
34.627998,2.652,1775.859985
34.627998,2.651,1777.859985
34.627998,2.651,1779.859985
34.627998,2.648,1781.859985
34.627998,2.646,1783.859985
34.627998,2.644,1785.859985
34.627998,2.639,1787.859985
34.629002,2.632,1789.859985
34.629002,2.628,1791.859985
34.629002,2.626,1793.859985
34.629002,2.624,1795.859985
34.630001,2.619,1797.859985
34.630001,2.614,1799.859985
34.630001,2.614,1801.859985
34.630001,2.613,1803.859985
34.630001,2.613,1805.859985
34.630001,2.612,1807.859985
34.630001,2.611,1809.859985
34.630001,2.609,1811.859985
34.631001,2.608,1813.859985
34.631001,2.604,1815.859985
34.631001,2.601,1817.859985
34.632,2.594,1819.859985
34.631001,2.593,1821.859985
34.631001,2.593,1823.859985
34.631001,2.592,1825.859985
34.632,2.588,1827.859985
34.632,2.584,1829.859985
34.632,2.58,1831.859985
34.632999,2.573,1833.859985
34.632999,2.563,1835.859985
34.632999,2.558,1837.859985
34.632999,2.558,1839.859985
34.632999,2.558,1841.859985
34.632999,2.559,1843.859985
34.632999,2.557,1845.859985
34.633999,2.552,1847.859985
34.633999,2.548,1849.859985
34.633999,2.546,1851.859985
34.633999,2.544,1853.859985
34.633999,2.54,1855.859985
34.634998,2.536,1857.859985
34.634998,2.533,1859.859985
34.634998,2.53,1861.859985
34.634998,2.525,1863.859985
34.636002,2.522,1865.859985
34.636002,2.52,1867.859985
34.636002,2.519,1869.859985
34.636002,2.516,1871.859985
34.636002,2.513,1873.859985
34.636002,2.51,1875.859985
34.636002,2.509,1877.859985
34.636002,2.509,1879.859985
34.637001,2.507,1881.859985
34.637001,2.505,1883.859985
34.637001,2.502,1885.859985
34.637001,2.498,1887.859985
34.637001,2.497,1889.859985
34.637001,2.494,1891.859985
34.637001,2.491,1893.859985
34.637001,2.489,1895.859985
34.638,2.486,1897.859985
34.638,2.483,1899.859985
34.638,2.481,1901.859985
34.638,2.479,1903.859985
34.638,2.475,1905.859985
34.638,2.474,1907.859985
34.638,2.468,1909.859985
34.639,2.464,1911.859985
34.639,2.457,1913.859985
34.639,2.453,1915.859985
34.639,2.45,1917.859985
34.639999,2.446,1919.859985
34.639999,2.443,1921.859985
34.639999,2.434,1923.859985
34.639999,2.426,1925.76001
34.640999,2.422,1927.859985
34.640999,2.42,1929.859985
34.640999,2.415,1931.859985
34.640999,2.409,1933.859985
34.640999,2.406,1935.859985
34.640999,2.405,1937.859985
34.640999,2.404,1939.859985
34.640999,2.403,1941.859985
34.641998,2.401,1943.859985
34.641998,2.399,1945.859985
34.641998,2.399,1947.859985
34.641998,2.397,1949.859985
34.641998,2.395,1951.859985
34.641998,2.388,1953.859985
34.643002,2.381,1955.859985
34.643002,2.378,1957.859985
34.643002,2.378,1959.859985
34.643002,2.378,1961.859985
34.643002,2.378,1963.859985
34.643002,2.374,1965.859985
34.644001,2.37,1967.859985
34.644001,2.365,1969.859985
34.644001,2.36,1971.859985
34.644001,2.36,1973.859985
34.644001,2.357,1975.859985
34.644001,2.354,1977.859985
34.645,2.349,1979.859985
34.645,2.342,1981.859985
34.645,2.339,1983.859985
34.645,2.338,1985.859985
34.645,2.338,1987.859985
34.646,2.334,1989.859985
34.646,2.333,1991.859985
34.646,2.332,1993.859985
34.646,2.332,1995.859985
34.646,2.33,1997.859985
34.646,2.317,1999.859985
34.646999,2.311,2001.76001
